100
1 275 36 85.0
2 522 7 49.544
3 967 41 38.0
4 192 31 2.835
5 886 38 76.0
6 1425 28 26.6
7 1210 60 10.22
8 62 1 2.5446
9 18 60 88.12339
10 443 27 72.5853
11 454 48 43.789
12 1132 14 34.57004
13 448 48 45.96
14 44 26 83.7578
15 1315 6 18.59063
16 607 7 74.31467
17 1025 59 96.721
18 1372 12 30.3369
19 1022 54 94.091
20 1206 54 3.5
21 827 26 66.47
22 1123 56 70.30408
23 767 5 43.8962
24 221 49 16.37
25 758 31 73.277
26 89 19 70.3382
27 1214 37 39.4
28 345 32 23.0
29 408 34 92.0086
30 475 25 51.3772
31 723 29 90.9755
32 1122 38 96.0
33 785 50 85.69491
34 1049 51 12.9249
35 420 27 94.972
36 746 36 55.4401
37 846 31 81.335
38 708 0 53.8479
39 1254 21 46.0
40 470 40 17.7211
41 370 55 9.1601
42 522 2 84.17448
43 144 5 86.808
44 29 48 75.6
45 550 7 79.7
46 705 18 7.0
47 522 33 95.19577
48 558 41 71.159
49 1438 20 50.0
50 48 19 38.656
51 385 16 10.87617
52 1044 13 96.556
53 42 14 1.8
54 72 46 95.989
55 1036 43 42.7
56 1291 51 69.505
57 457 33 64.851
58 1382 36 80.33855
59 1292 27 5.88
60 257 13 87.55
61 144 54 7.64
62 324 26 56.5
63 17 35 88.0
64 1209 52 21.759
65 943 10 82.79132
66 1275 32 3.7
67 710 6 20.57618
68 886 37 19.0
69 1363 24 29.607
70 35 20 61.213
71 576 1 15.7
72 1153 50 13.514
73 436 17 67.446
74 1121 22 91.44446
75 1094 31 76.7951
76 480 4 73.0
77 272 10 16.6553
78 436 17 75.9116
79 1036 53 25.53
80 696 7 29.1215
81 1001 8 58.0
82 656 2 40.66
83 301 53 13.0
84 1259 37 78.19
85 156 36 55.0275
86 167 60 26.67
87 1155 34 92.507
88 567 6 78.7
89 25 39 67.0
90 846 7 83.0
91 384 15 78.5512
92 862 10 11.6
93 1394 15 16.0
94 891 58 96.4694
95 602 35 25.341
96 644 6 20.76
97 81 1 1.05
98 1221 20 44.98
99 816 4 6.42
100 1231 29 11.1
