150
1 1170 2 42.8889
2 30 13 46.258
3 568 41 81.0
4 1066 31 32.8
5 739 2 42.0
6 1235 22 38.16
7 1382 16 45.68312
8 620 42 36.259
9 490 28 61.0
10 1193 0 23.6
11 620 34 36.6
12 643 42 54.898
13 962 4 65.3
14 1027 10 84.218
15 488 2 3.17
16 1242 42 7.0
17 306 24 56.72
18 1231 9 11.0
19 904 10 98.2
20 714 27 97.049
21 502 43 27.4703
22 1068 11 86.49
23 933 19 16.49378
24 356 49 17.61
25 671 27 22.3666
26 89 21 89.7
27 163 16 44.8056
28 324 24 92.062
29 1379 57 24.1408
30 556 33 48.259
31 128 10 48.939
32 821 8 42.0435
33 715 34 38.78203
34 339 35 44.135
35 72 55 0.283
36 132 3 35.0
37 222 38 45.408
38 285 29 86.2037
39 915 21 72.62152
40 938 27 32.8375
41 1071 9 73.96
42 1267 2 68.70199
43 1205 36 82.942
44 51 51 11.64
45 891 54 85.88456
46 592 56 8.9047
47 1127 49 98.0
48 584 10 67.0
49 739 38 40.1
50 716 11 8.0
51 873 13 98.62736
52 631 56 96.22036
53 1423 52 52.245
54 916 42 74.3
55 544 38 36.43255
56 1284 0 20.9594
57 836 55 38.18426
58 409 4 77.0
59 113 22 25.47
60 868 48 19.36201
61 578 29 69.5069
62 1022 32 90.804
63 904 40 34.15259
64 567 30 90.599
65 1202 30 8.3949
66 751 51 72.2
67 1234 26 72.0
68 1219 54 73.35
69 33 37 32.77
70 151 47 39.65
71 578 38 18.6
72 630 6 56.0
73 450 36 74.491
74 392 36 57.189
75 1215 1 39.25
76 1176 12 52.2819
77 669 55 4.7654
78 1184 3 3.66
79 813 20 60.1
80 323 7 60.61
81 336 1 72.2912
82 1046 51 34.936
83 899 36 88.0
84 298 59 86.55634
85 964 39 45.162
86 1237 11 35.379
87 703 35 51.282
88 398 6 43.3
89 84 59 86.01591
90 1298 12 57.0
91 1145 24 96.0256
92 106 10 31.1
93 101 37 17.67432
94 1156 23 83.6
95 87 25 59.806
96 159 22 75.954
97 333 10 40.563
98 672 56 3.7
99 1190 45 42.0638
100 1314 56 70.0
101 812 52 12.0
102 865 46 63.87982
103 593 34 65.0
104 707 53 90.7215
105 973 38 24.45
106 25 42 15.80536
107 791 44 22.8911
108 1304 48 47.4306
109 817 37 21.78
110 142 56 18.8502
111 1087 1 7.0
112 35 41 83.72
113 364 46 4.74
114 1280 30 98.7
115 38 13 12.7
116 505 57 24.6384
117 1116 37 59.5546
118 63 8 1.0
119 112 43 77.1
120 255 44 39.0
121 1355 27 73.8
122 1278 26 90.1556
123 347 3 70.2747
124 940 29 34.0
125 816 40 45.98334
126 746 42 7.06
127 518 11 9.0
128 314 17 7.8576
129 631 9 76.6904
130 246 18 70.54
131 7 36 25.9663
132 875 56 50.97592
133 121 40 6.0
134 1323 13 53.6
135 300 19 86.04
136 309 54 2.6922
137 1370 45 11.56
138 950 54 46.36938
139 288 1 40.3
140 924 42 89.9
141 693 32 66.9
142 88 31 59.0
143 961 44 27.4
144 1013 33 35.3437
145 1139 24 14.92476
146 648 47 93.9
147 113 29 5.33
148 1081 33 4.8413
149 166 58 70.0
150 261 2 99.14
