200
1 298 29 45.5
2 804 46 34.9737
3 225 34 12.13119
4 933 16 4.78875
5 418 21 23.0
6 365 9 18.86
7 757 40 41.0
8 825 29 55.54
9 328 54 65.0
10 369 0 60.3
11 1159 10 19.0
12 1363 15 97.01424
13 793 8 62.0
14 1247 15 71.7304
15 593 44 59.0375
16 1396 21 54.25
17 990 25 76.0
18 614 41 43.4
19 895 49 88.79
20 1193 16 14.71887
21 1198 55 33.0
22 563 45 69.598
23 103 50 59.5
24 634 33 62.11734
25 1163 22 33.0
26 1412 7 47.5517
27 243 46 60.0
28 798 46 93.642
29 1388 45 15.14965
30 1317 30 93.0
31 1435 28 16.113
32 96 12 93.4
33 193 2 13.99792
34 184 7 25.1599
35 823 2 54.053
36 922 21 69.5465
37 397 38 57.97
38 855 9 82.644
39 158 59 99.98
40 820 54 26.04732
41 194 12 23.0
42 799 17 0.28
43 77 59 2.6096
44 603 14 40.2655
45 163 14 29.79799
46 1282 1 85.3331
47 722 20 67.382
48 69 46 77.0
49 46 44 61.76
50 1134 9 15.89418
51 6 43 73.52095
52 654 32 39.634
53 782 46 44.7
54 329 38 84.2446
55 554 4 62.54199
56 278 27 58.4601
57 1033 7 65.1
58 227 37 62.0
59 805 51 45.83938
60 719 55 97.0
61 95 58 44.0
62 1159 9 48.06239
63 181 18 63.0
64 1136 36 83.7
65 287 48 55.5
66 348 60 94.98484
67 1158 24 71.54084
68 213 41 83.37
69 237 43 91.536
70 576 14 73.84
71 468 2 91.5
72 1037 7 54.8
73 961 40 88.55407
74 979 22 51.1
75 1008 3 95.5286
76 1036 37 25.599
77 1075 33 96.0
78 1410 11 3.9583
79 476 29 99.0
80 233 14 36.71
81 245 40 30.01
82 624 56 86.712
83 1271 12 32.6
84 702 38 76.6127
85 314 59 19.196
86 167 5 31.5
87 643 17 15.0
88 908 59 76.0
89 418 58 51.922
90 1227 54 65.6677
91 904 22 0.731
92 124 27 98.8
93 398 27 18.04
94 518 13 95.284
95 802 16 33.39284
96 545 15 85.7
97 107 42 41.59727
98 721 7 16.9509
99 967 23 21.387
100 1061 15 40.0
101 955 53 33.73
102 1021 38 99.0
103 728 2 92.98
104 1190 29 57.53243
105 591 34 39.77
106 322 58 12.6
107 696 31 77.3811
108 836 15 76.45183
109 199 33 21.0
110 503 5 1.89
111 988 14 94.29
112 832 44 4.54
113 975 22 68.94584
114 1425 4 50.9118
115 324 23 30.9
116 826 27 3.96
117 166 34 71.88817
118 202 52 79.56664
119 867 59 47.91
120 1281 35 69.0
121 1015 43 62.97
122 373 5 9.076
123 1256 41 88.9
124 1084 5 33.88424
125 318 25 50.631
126 679 26 17.7488
127 888 53 24.75279
128 1234 43 8.04
129 3 18 42.354
130 1228 18 81.156
131 1001 40 71.4
132 968 9 20.50988
133 586 24 0.908
134 226 49 63.93518
135 1182 15 14.3
136 969 53 17.3
137 607 33 85.483
138 796 36 71.11235
139 970 7 55.8
140 65 32 75.0
141 1041 27 38.7
142 41 7 7.44128
143 779 17 30.97998
144 333 57 61.5676
145 1133 23 66.64
146 717 26 27.84
147 475 52 38.7
148 1111 2 63.63188
149 1347 43 48.03
150 897 8 98.148
151 1276 48 59.45
152 23 4 39.1474
153 817 56 21.0
154 553 3 4.0
155 1080 51 81.589
156 705 57 2.56
157 1209 43 89.30338
158 679 47 24.58
159 1061 39 93.12
160 645 41 32.07
161 543 6 15.68
162 905 32 63.5
163 495 21 14.651
164 958 9 40.29667
165 352 46 63.305
166 470 45 99.92
167 992 19 98.49919
168 1208 17 57.84
169 62 50 38.14
170 1148 27 48.2
171 1056 26 72.0
172 1075 25 72.79
173 1216 17 34.94
174 872 7 57.99985
175 256 45 11.912
176 319 12 17.1565
177 1127 30 45.45898
178 1213 19 7.0
179 686 31 64.414
180 1184 18 54.9077
181 92 36 78.0
182 142 1 74.2538
183 171 47 31.732
184 71 43 54.4857
185 215 33 78.0
186 187 57 34.736
187 1126 54 10.0
188 1252 21 2.2
189 102 45 76.0
190 1317 41 95.9729
191 1293 35 33.81
192 1023 5 5.1827
193 933 30 61.22
194 476 24 3.89
195 1158 0 10.2
196 1411 24 82.1
197 851 10 89.77303
198 1167 13 31.0
199 289 40 50.8881
200 682 50 99.7847
